%YAML:1.0

K: !!opencv-matrix
    rows: 3
    cols: 3
    dt: d
    data: [2.65809502e+03, 0.00000000e+00, 1.14452645e+03, 0.00000000e+00, 2.65214197e+03, 1.48650570e+03, 0.00000000e+00, 0.00000000e+00, 1.00000000e+00]
D: !!opencv-matrix
    rows: 5
    cols: 1
    dt: d
    data: [1.11763858e-01, -6.54554558e-02, -2.91390637e-03, -1.09206269e-04, -3.34207750e-01]
imageSize: [2268, 3024]